x y
1.000000 1.100998
1.010000 1.101038
1.020000 1.101080
1.030000 1.101123
1.040000 1.101167
1.050000 1.101212
1.060000 1.101259
1.070000 1.101307
1.080000 1.101357
1.090000 1.101407
1.100000 1.101460
1.110000 1.101513
1.120000 1.101568
1.130000 1.101625
1.140000 1.101683
1.150000 1.101743
1.160000 1.101804
1.170000 1.101867
1.180000 1.101932
1.190000 1.101998
1.200000 1.102065
1.210000 1.102135
1.220000 1.102206
1.230000 1.102279
1.240000 1.102354
1.250000 1.102431
1.260000 1.102509
1.270000 1.102589
1.280000 1.102672
1.290000 1.102756
1.300000 1.102842
1.310000 1.102930
1.320000 1.103020
1.330000 1.103112
1.340000 1.103207
1.350000 1.103303
1.360000 1.103401
1.370000 1.103502
1.380000 1.103605
1.390000 1.103710
1.400000 1.103818
1.410000 1.103927
1.420000 1.104039
1.430000 1.104154
1.440000 1.104271
1.450000 1.104390
1.460000 1.104512
1.470000 1.104636
1.480000 1.104763
1.490000 1.104892
1.500000 1.105024
1.510000 1.105158
1.520000 1.105295
1.530000 1.105435
1.540000 1.105578
1.550000 1.105723
1.560000 1.105871
1.570000 1.106022
1.580000 1.106176
1.590000 1.106333
1.600000 1.106493
1.610000 1.106655
1.620000 1.106821
1.630000 1.106990
1.640000 1.107162
1.650000 1.107337
1.660000 1.107515
1.670000 1.107696
1.680000 1.107880
1.690000 1.108068
1.700000 1.108259
1.710000 1.108454
1.720000 1.108651
1.730000 1.108852
1.740000 1.109057
1.750000 1.109265
1.760000 1.109477
1.770000 1.109692
1.780000 1.109911
1.790000 1.110133
1.800000 1.110359
1.810000 1.110589
1.820000 1.110822
1.830000 1.111060
1.840000 1.111301
1.850000 1.111546
1.860000 1.111795
1.870000 1.112048
1.880000 1.112305
1.890000 1.112565
1.900000 1.112830
1.910000 1.113099
1.920000 1.113373
1.930000 1.113650
1.940000 1.113931
1.950000 1.114217
1.960000 1.114507
1.970000 1.114802
1.980000 1.115101
1.990000 1.115404
2.000000 1.115712
2.010000 1.116024
2.020000 1.116341
2.030000 1.116662
2.040000 1.116988
2.050000 1.117319
2.060000 1.117654
2.070000 1.117994
2.080000 1.118339
2.090000 1.118689
2.100000 1.119043
2.110000 1.119403
2.120000 1.119767
2.130000 1.120137
2.140000 1.120511
2.150000 1.120891
2.160000 1.121276
2.170000 1.121666
2.180000 1.122061
2.190000 1.122461
2.200000 1.122867
2.210000 1.123278
2.220000 1.123694
2.230000 1.124116
2.240000 1.124543
2.250000 1.124976
2.260000 1.125414
2.270000 1.125858
2.280000 1.126307
2.290000 1.126762
2.300000 1.127223
2.310000 1.127690
2.320000 1.128162
2.330000 1.128641
2.340000 1.129125
2.350000 1.129615
2.360000 1.130111
2.370000 1.130613
2.380000 1.131121
2.390000 1.131635
2.400000 1.132156
2.410000 1.132682
2.420000 1.133215
2.430000 1.133754
2.440000 1.134300
2.450000 1.134851
2.460000 1.135410
2.470000 1.135974
2.480000 1.136545
2.490000 1.137123
2.500000 1.137707
2.510000 1.138298
2.520000 1.138895
2.530000 1.139500
2.540000 1.140111
2.550000 1.140728
2.560000 1.141353
2.570000 1.141984
2.580000 1.142623
2.590000 1.143268
2.600000 1.143920
2.610000 1.144580
2.620000 1.145246
2.630000 1.145920
2.640000 1.146601
2.650000 1.147289
2.660000 1.147984
2.670000 1.148686
2.680000 1.149396
2.690000 1.150114
2.700000 1.150838
2.710000 1.151571
2.720000 1.152310
2.730000 1.153058
2.740000 1.153813
2.750000 1.154575
2.760000 1.155345
2.770000 1.156123
2.780000 1.156909
2.790000 1.157702
2.800000 1.158504
2.810000 1.159313
2.820000 1.160130
2.830000 1.160955
2.840000 1.161789
2.850000 1.162630
2.860000 1.163479
2.870000 1.164337
2.880000 1.165202
2.890000 1.166076
2.900000 1.166958
2.910000 1.167849
2.920000 1.168747
2.930000 1.169655
2.940000 1.170570
2.950000 1.171494
2.960000 1.172427
2.970000 1.173368
2.980000 1.174318
2.990000 1.175276
3.000000 1.176243
3.010000 1.177219
3.020000 1.178203
3.030000 1.179196
3.040000 1.180198
3.050000 1.181209
3.060000 1.182229
3.070000 1.183258
3.080000 1.184295
3.090000 1.185342
3.100000 1.186398
3.110000 1.187463
3.120000 1.188537
3.130000 1.189620
3.140000 1.190712
3.150000 1.191814
3.160000 1.192924
3.170000 1.194044
3.180000 1.195174
3.190000 1.196313
3.200000 1.197461
3.210000 1.198619
3.220000 1.199786
3.230000 1.200963
3.240000 1.202149
3.250000 1.203345
3.260000 1.204551
3.270000 1.205766
3.280000 1.206991
3.290000 1.208225
3.300000 1.209470
3.310000 1.210724
3.320000 1.211988
3.330000 1.213262
3.340000 1.214546
3.350000 1.215839
3.360000 1.217143
3.370000 1.218457
3.380000 1.219781
3.390000 1.221114
3.400000 1.222458
3.410000 1.223812
3.420000 1.225177
3.430000 1.226551
3.440000 1.227936
3.450000 1.229331
3.460000 1.230736
3.470000 1.232151
3.480000 1.233577
3.490000 1.235013
3.500000 1.236460
3.510000 1.237917
3.520000 1.239384
3.530000 1.240862
3.540000 1.242351
3.550000 1.243850
3.560000 1.245359
3.570000 1.246880
3.580000 1.248411
3.590000 1.249952
3.600000 1.251504
3.610000 1.253067
3.620000 1.254641
3.630000 1.256225
3.640000 1.257820
3.650000 1.259426
3.660000 1.261043
3.670000 1.262671
3.680000 1.264309
3.690000 1.265959
3.700000 1.267619
3.710000 1.269290
3.720000 1.270973
3.730000 1.272666
3.740000 1.274370
3.750000 1.276086
3.760000 1.277812
3.770000 1.279550
3.780000 1.281299
3.790000 1.283058
3.800000 1.284829
3.810000 1.286611
3.820000 1.288405
3.830000 1.290209
3.840000 1.292025
3.850000 1.293852
3.860000 1.295690
3.870000 1.297540
3.880000 1.299401
3.890000 1.301273
3.900000 1.303156
3.910000 1.305051
3.920000 1.306957
3.930000 1.308875
3.940000 1.310804
3.950000 1.312744
3.960000 1.314696
3.970000 1.316660
3.980000 1.318634
3.990000 1.320621
4.000000 1.322618
4.010000 1.324628
4.020000 1.326649
4.030000 1.328681
4.040000 1.330725
4.050000 1.332780
4.060000 1.334847
4.070000 1.336926
4.080000 1.339016
4.090000 1.341118
4.100000 1.343231
4.110000 1.345356
4.120000 1.347493
4.130000 1.349641
4.140000 1.351801
4.150000 1.353973
4.160000 1.356156
4.170000 1.358351
4.180000 1.360557
4.190000 1.362776
4.200000 1.365006
4.210000 1.367247
4.220000 1.369501
4.230000 1.371766
4.240000 1.374043
4.250000 1.376331
4.260000 1.378632
4.270000 1.380944
4.280000 1.383267
4.290000 1.385603
4.300000 1.387950
4.310000 1.390309
4.320000 1.392680
4.330000 1.395062
4.340000 1.397457
4.350000 1.399863
4.360000 1.402280
4.370000 1.404710
4.380000 1.407151
4.390000 1.409604
4.400000 1.412069
4.410000 1.414545
4.420000 1.417034
4.430000 1.419534
4.440000 1.422045
4.450000 1.424569
4.460000 1.427104
4.470000 1.429651
4.480000 1.432210
4.490000 1.434780
4.500000 1.437363
4.510000 1.439956
4.520000 1.442562
4.530000 1.445179
4.540000 1.447808
4.550000 1.450449
4.560000 1.453102
4.570000 1.455766
4.580000 1.458441
4.590000 1.461129
4.600000 1.463828
4.610000 1.466539
4.620000 1.469261
4.630000 1.471995
4.640000 1.474741
4.650000 1.477498
4.660000 1.480267
4.670000 1.483048
4.680000 1.485840
4.690000 1.488644
4.700000 1.491459
4.710000 1.494286
4.720000 1.497124
4.730000 1.499974
4.740000 1.502835
4.750000 1.505708
4.760000 1.508593
4.770000 1.511488
4.780000 1.514396
4.790000 1.517314
4.800000 1.520245
4.810000 1.523186
4.820000 1.526139
4.830000 1.529104
4.840000 1.532079
4.850000 1.535066
4.860000 1.538065
4.870000 1.541074
4.880000 1.544096
4.890000 1.547128
4.900000 1.550171
4.910000 1.553226
4.920000 1.556292
4.930000 1.559369
4.940000 1.562458
4.950000 1.565557
4.960000 1.568668
4.970000 1.571790
4.980000 1.574923
4.990000 1.578067
5.000000 1.581222
5.010000 1.584388
5.020000 1.587565
5.030000 1.590753
5.040000 1.593953
5.050000 1.597163
5.060000 1.600384
5.070000 1.603615
5.080000 1.606858
5.090000 1.610112
5.100000 1.613376
5.110000 1.616651
5.120000 1.619937
5.130000 1.623234
5.140000 1.626541
5.150000 1.629860
5.160000 1.633188
5.170000 1.636528
5.180000 1.639878
5.190000 1.643239
5.200000 1.646610
5.210000 1.649992
5.220000 1.653384
5.230000 1.656787
5.240000 1.660200
5.250000 1.663624
5.260000 1.667058
5.270000 1.670502
5.280000 1.673957
5.290000 1.677422
5.300000 1.680897
5.310000 1.684383
5.320000 1.687878
5.330000 1.691384
5.340000 1.694901
5.350000 1.698427
5.360000 1.701963
5.370000 1.705509
5.380000 1.709066
5.390000 1.712632
5.400000 1.716209
5.410000 1.719795
5.420000 1.723391
5.430000 1.726997
5.440000 1.730613
5.450000 1.734239
5.460000 1.737874
5.470000 1.741519
5.480000 1.745174
5.490000 1.748839
5.500000 1.752513
5.510000 1.756196
5.520000 1.759890
5.530000 1.763592
5.540000 1.767305
5.550000 1.771027
5.560000 1.774758
5.570000 1.778498
5.580000 1.782248
5.590000 1.786007
5.600000 1.789776
5.610000 1.793553
5.620000 1.797340
5.630000 1.801136
5.640000 1.804941
5.650000 1.808756
5.660000 1.812579
5.670000 1.816411
5.680000 1.820253
5.690000 1.824103
5.700000 1.827962
5.710000 1.831830
5.720000 1.835707
5.730000 1.839592
5.740000 1.843487
5.750000 1.847390
5.760000 1.851302
5.770000 1.855222
5.780000 1.859151
5.790000 1.863088
5.800000 1.867034
5.810000 1.870989
5.820000 1.874952
5.830000 1.878923
5.840000 1.882903
5.850000 1.886891
5.860000 1.890887
5.870000 1.894892
5.880000 1.898904
5.890000 1.902925
5.900000 1.906954
5.910000 1.910991
5.920000 1.915036
5.930000 1.919089
5.940000 1.923151
5.950000 1.927220
5.960000 1.931296
5.970000 1.935381
5.980000 1.939474
5.990000 1.943574
6.000000 1.947682
6.010000 1.951797
6.020000 1.955921
6.030000 1.960052
6.040000 1.964190
6.050000 1.968336
6.060000 1.972489
6.070000 1.976650
6.080000 1.980818
6.090000 1.984994
6.100000 1.989177
6.110000 1.993367
6.120000 1.997564
6.130000 2.001769
6.140000 2.005980
6.150000 2.010199
6.160000 2.014425
6.170000 2.018658
6.180000 2.022898
6.190000 2.027144
6.200000 2.031398
6.210000 2.035659
6.220000 2.039926
6.230000 2.044200
6.240000 2.048481
6.250000 2.052768
6.260000 2.057063
6.270000 2.061363
6.280000 2.065671
6.290000 2.069985
6.300000 2.074305
6.310000 2.078632
6.320000 2.082965
6.330000 2.087304
6.340000 2.091650
6.350000 2.096002
6.360000 2.100361
6.370000 2.104725
6.380000 2.109096
6.390000 2.113473
6.400000 2.117856
6.410000 2.122245
6.420000 2.126640
6.430000 2.131041
6.440000 2.135448
6.450000 2.139860
6.460000 2.144279
6.470000 2.148703
6.480000 2.153133
6.490000 2.157569
6.500000 2.162011
6.510000 2.166458
6.520000 2.170911
6.530000 2.175369
6.540000 2.179833
6.550000 2.184302
6.560000 2.188777
6.570000 2.193257
6.580000 2.197742
6.590000 2.202233
6.600000 2.206729
6.610000 2.211230
6.620000 2.215737
6.630000 2.220249
6.640000 2.224765
6.650000 2.229287
6.660000 2.233814
6.670000 2.238346
6.680000 2.242883
6.690000 2.247425
6.700000 2.251972
6.710000 2.256523
6.720000 2.261080
6.730000 2.265641
6.740000 2.270207
6.750000 2.274777
6.760000 2.279353
6.770000 2.283933
6.780000 2.288517
6.790000 2.293106
6.800000 2.297700
6.810000 2.302298
6.820000 2.306901
6.830000 2.311508
6.840000 2.316119
6.850000 2.320735
6.860000 2.325355
6.870000 2.329979
6.880000 2.334607
6.890000 2.339240
6.900000 2.343877
6.910000 2.348518
6.920000 2.353163
6.930000 2.357812
6.940000 2.362465
6.950000 2.367122
6.960000 2.371783
6.970000 2.376448
6.980000 2.381117
6.990000 2.385790
7.000000 2.390466
7.010000 2.395147
7.020000 2.399831
7.030000 2.404519
7.040000 2.409210
7.050000 2.413905
7.060000 2.418604
7.070000 2.423306
7.080000 2.428012
7.090000 2.432721
7.100000 2.437434
7.110000 2.442151
7.120000 2.446870
7.130000 2.451594
7.140000 2.456320
7.150000 2.461050
7.160000 2.465783
7.170000 2.470519
7.180000 2.475259
7.190000 2.480002
7.200000 2.484748
7.210000 2.489497
7.220000 2.494249
7.230000 2.499004
7.240000 2.503763
7.250000 2.508524
7.260000 2.513288
7.270000 2.518056
7.280000 2.522826
7.290000 2.527599
7.300000 2.532375
7.310000 2.537154
7.320000 2.541936
7.330000 2.546720
7.340000 2.551508
7.350000 2.556298
7.360000 2.561090
7.370000 2.565886
7.380000 2.570684
7.390000 2.575484
7.400000 2.580288
7.410000 2.585093
7.420000 2.589902
7.430000 2.594713
7.440000 2.599526
7.450000 2.604342
7.460000 2.609160
7.470000 2.613981
7.480000 2.618804
7.490000 2.623629
7.500000 2.628457
7.510000 2.633287
7.520000 2.638119
7.530000 2.642954
7.540000 2.647791
7.550000 2.652630
7.560000 2.657471
7.570000 2.662314
7.580000 2.667160
7.590000 2.672008
7.600000 2.676857
7.610000 2.681709
7.620000 2.686563
7.630000 2.691419
7.640000 2.696277
7.650000 2.701137
7.660000 2.705999
7.670000 2.710862
7.680000 2.715728
7.690000 2.720595
7.700000 2.725465
7.710000 2.730336
7.720000 2.735209
7.730000 2.740084
7.740000 2.744961
7.750000 2.749839
7.760000 2.754719
7.770000 2.759601
7.780000 2.764485
7.790000 2.769370
7.800000 2.774257
7.810000 2.779146
7.820000 2.784036
7.830000 2.788928
7.840000 2.793821
7.850000 2.798716
7.860000 2.803612
7.870000 2.808510
7.880000 2.813410
7.890000 2.818311
7.900000 2.823213
7.910000 2.828117
7.920000 2.833022
7.930000 2.837929
7.940000 2.842837
7.950000 2.847747
7.960000 2.852658
7.970000 2.857570
7.980000 2.862484
7.990000 2.867398
8.000000 2.872315
8.010000 2.877232
8.020000 2.882151
8.030000 2.887071
8.040000 2.891992
8.050000 2.896914
8.060000 2.901838
8.070000 2.906763
8.080000 2.911689
8.090000 2.916616
8.100000 2.921544
8.110000 2.926473
8.120000 2.931404
8.130000 2.936335
8.140000 2.941268
8.150000 2.946201
8.160000 2.951136
8.170000 2.956072
8.180000 2.961009
8.190000 2.965947
8.200000 2.970885
8.210000 2.975825
8.220000 2.980766
8.230000 2.985708
8.240000 2.990650
8.250000 2.995594
8.260000 3.000538
8.270000 3.005484
8.280000 3.010430
8.290000 3.015377
8.300000 3.020325
8.310000 3.025274
8.320000 3.030224
8.330000 3.035174
8.340000 3.040125
8.350000 3.045078
8.360000 3.050031
8.370000 3.054984
8.380000 3.059939
8.390000 3.064894
8.400000 3.069850
8.410000 3.074807
8.420000 3.079764
8.430000 3.084722
8.440000 3.089681
8.450000 3.094641
8.460000 3.099601
8.470000 3.104562
8.480000 3.109524
8.490000 3.114486
8.500000 3.119449
8.510000 3.124413
8.520000 3.129377
8.530000 3.134342
8.540000 3.139307
8.550000 3.144273
8.560000 3.149240
8.570000 3.154207
8.580000 3.159175
8.590000 3.164143
8.600000 3.169112
8.610000 3.174081
8.620000 3.179051
8.630000 3.184022
8.640000 3.188993
8.650000 3.193964
8.660000 3.198936
8.670000 3.203909
8.680000 3.208882
8.690000 3.213855
8.700000 3.218829
8.710000 3.223804
8.720000 3.228779
8.730000 3.233754
8.740000 3.238730
8.750000 3.243706
8.760000 3.248683
8.770000 3.253660
8.780000 3.258638
8.790000 3.263616
8.800000 3.268594
8.810000 3.273573
8.820000 3.278552
8.830000 3.283531
8.840000 3.288511
8.850000 3.293492
8.860000 3.298472
8.870000 3.303453
8.880000 3.308435
8.890000 3.313416
8.900000 3.318398
8.910000 3.323381
8.920000 3.328363
8.930000 3.333347
8.940000 3.338330
8.950000 3.343314
8.960000 3.348298
8.970000 3.353282
8.980000 3.358267
8.990000 3.363251
9.000000 3.368237
9.010000 3.373222
9.020000 3.378208
9.030000 3.383194
9.040000 3.388180
9.050000 3.393167
9.060000 3.398154
9.070000 3.403141
9.080000 3.408128
9.090000 3.413116
9.100000 3.418103
9.110000 3.423092
9.120000 3.428080
9.130000 3.433068
9.140000 3.438057
9.150000 3.443046
9.160000 3.448035
9.170000 3.453025
9.180000 3.458014
9.190000 3.463004
9.200000 3.467994
9.210000 3.472985
9.220000 3.477975
9.230000 3.482966
9.240000 3.487956
9.250000 3.492948
9.260000 3.497939
9.270000 3.502930
9.280000 3.507922
9.290000 3.512913
9.300000 3.517905
9.310000 3.522897
9.320000 3.527890
9.330000 3.532882
9.340000 3.537874
9.350000 3.542867
9.360000 3.547860
9.370000 3.552853
9.380000 3.557846
9.390000 3.562839
9.400000 3.567833
9.410000 3.572826
9.420000 3.577820
9.430000 3.582814
9.440000 3.587808
9.450000 3.592802
9.460000 3.597796
9.470000 3.602791
9.480000 3.607785
9.490000 3.612780
9.500000 3.617774
9.510000 3.622769
9.520000 3.627764
9.530000 3.632759
9.540000 3.637754
9.550000 3.642749
9.560000 3.647745
9.570000 3.652740
9.580000 3.657736
9.590000 3.662731
9.600000 3.667727
9.610000 3.672723
9.620000 3.677719
9.630000 3.682715
9.640000 3.687711
9.650000 3.692707
9.660000 3.697703
9.670000 3.702700
9.680000 3.707696
9.690000 3.712693
9.700000 3.717689
9.710000 3.722686
9.720000 3.727683
9.730000 3.732680
9.740000 3.737676
9.750000 3.742673
9.760000 3.747670
9.770000 3.752667
9.780000 3.757665
9.790000 3.762662
9.800000 3.767659
9.810000 3.772656
9.820000 3.777654
9.830000 3.782651
9.840000 3.787649
9.850000 3.792646
9.860000 3.797644
9.870000 3.802642
9.880000 3.807640
9.890000 3.812637
9.900000 3.817635
9.910000 3.822633
9.920000 3.827631
9.930000 3.832629
9.940000 3.837627
9.950000 3.842625
9.960000 3.847623
9.970000 3.852621
9.980000 3.857620
9.990000 3.862618
10.000000 3.867616
10.010000 3.872615
10.020000 3.877613
10.030000 3.882611
10.040000 3.887610
10.050000 3.892608
10.060000 3.897607
10.070000 3.902605
10.080000 3.907604
10.090000 3.912603
10.100000 3.917601
10.110000 3.922600
10.120000 3.927599
10.130000 3.932598
10.140000 3.937596
10.150000 3.942595
10.160000 3.947594
10.170000 3.952593
10.180000 3.957592
10.190000 3.962591
10.200000 3.967590
10.210000 3.972589
10.220000 3.977588
10.230000 3.982587
10.240000 3.987586
10.250000 3.992585
10.260000 3.997584
10.270000 4.002583
10.280000 4.007582
10.290000 4.012581
10.300000 4.017581
10.310000 4.022580
10.320000 4.027579
10.330000 4.032578
10.340000 4.037578
10.350000 4.042577
10.360000 4.047576
10.370000 4.052575
10.380000 4.057575
10.390000 4.062574
10.400000 4.067574
10.410000 4.072573
10.420000 4.077572
10.430000 4.082572
10.440000 4.087571
10.450000 4.092571
10.460000 4.097570
10.470000 4.102570
10.480000 4.107569
10.490000 4.112569
10.500000 4.117568
10.510000 4.122568
10.520000 4.127567
10.530000 4.132567
10.540000 4.137566
10.550000 4.142566
10.560000 4.147565
10.570000 4.152565
10.580000 4.157565
10.590000 4.162564
10.600000 4.167564
10.610000 4.172564
10.620000 4.177563
10.630000 4.182563
10.640000 4.187563
10.650000 4.192562
10.660000 4.197562
10.670000 4.202562
10.680000 4.207561
10.690000 4.212561
10.700000 4.217561
10.710000 4.222560
10.720000 4.227560
10.730000 4.232560
10.740000 4.237560
10.750000 4.242559
10.760000 4.247559
10.770000 4.252559
10.780000 4.257559
10.790000 4.262559
10.800000 4.267558
10.810000 4.272558
10.820000 4.277558
10.830000 4.282558
10.840000 4.287557
10.850000 4.292557
10.860000 4.297557
10.870000 4.302557
10.880000 4.307557
10.890000 4.312557
10.900000 4.317556
10.910000 4.322556
10.920000 4.327556
10.930000 4.332556
10.940000 4.337556
10.950000 4.342556
10.960000 4.347556
10.970000 4.352555
10.980000 4.357555
10.990000 4.362555
11.000000 4.367555
11.010000 4.372555
11.020000 4.377555
11.030000 4.382555
11.040000 4.387555
11.050000 4.392555
11.060000 4.397554
11.070000 4.402554
11.080000 4.407554
11.090000 4.412554
11.100000 4.417554
11.110000 4.422554
11.120000 4.427554
11.130000 4.432554
11.140000 4.437554
11.150000 4.442554
11.160000 4.447554
11.170000 4.452553
11.180000 4.457553
11.190000 4.462553
11.200000 4.467553
11.210000 4.472553
11.220000 4.477553
11.230000 4.482553
11.240000 4.487553
11.250000 4.492553
11.260000 4.497553
11.270000 4.502553
11.280000 4.507553
11.290000 4.512553
11.300000 4.517553
11.310000 4.522553
11.320000 4.527553
11.330000 4.532553
11.340000 4.537553
11.350000 4.542552
11.360000 4.547552
11.370000 4.552552
11.380000 4.557552
11.390000 4.562552
11.400000 4.567552
11.410000 4.572552
11.420000 4.577552
11.430000 4.582552
11.440000 4.587552
11.450000 4.592552
11.460000 4.597552
11.470000 4.602552
11.480000 4.607552
11.490000 4.612552
11.500000 4.617552
11.510000 4.622552
11.520000 4.627552
11.530000 4.632552
11.540000 4.637552
11.550000 4.642552
11.560000 4.647552
11.570000 4.652552
11.580000 4.657552
11.590000 4.662552
11.600000 4.667552
11.610000 4.672552
11.620000 4.677552
11.630000 4.682552
11.640000 4.687552
11.650000 4.692552
11.660000 4.697552
11.670000 4.702552
11.680000 4.707552
11.690000 4.712552
11.700000 4.717552
11.710000 4.722552
11.720000 4.727552
11.730000 4.732552
11.740000 4.737552
11.750000 4.742552
11.760000 4.747552
11.770000 4.752552
11.780000 4.757552
11.790000 4.762552
11.800000 4.767552
11.810000 4.772551
11.820000 4.777551
11.830000 4.782551
11.840000 4.787551
11.850000 4.792551
11.860000 4.797551
11.870000 4.802551
11.880000 4.807551
11.890000 4.812551
11.900000 4.817551
11.910000 4.822551
11.920000 4.827551
11.930000 4.832551
11.940000 4.837551
11.950000 4.842551
11.960000 4.847551
11.970000 4.852551
11.980000 4.857551
11.990000 4.862551
12.000000 4.867551
12.010000 4.872551
12.020000 4.877551
12.030000 4.882551
12.040000 4.887551
12.050000 4.892551
12.060000 4.897551
12.070000 4.902551
12.080000 4.907551
12.090000 4.912551
12.100000 4.917551
12.110000 4.922551
12.120000 4.927551
12.130000 4.932551
12.140000 4.937551
12.150000 4.942551
12.160000 4.947551
12.170000 4.952551
12.180000 4.957551
12.190000 4.962551
12.200000 4.967551
12.210000 4.972551
12.220000 4.977551
12.230000 4.982551
12.240000 4.987551
12.250000 4.992551
12.260000 4.997551
12.270000 5.002551
12.280000 5.007551
12.290000 5.012551
12.300000 5.017551
12.310000 5.022551
12.320000 5.027551
12.330000 5.032551
12.340000 5.037551
12.350000 5.042551
12.360000 5.047551
12.370000 5.052551
12.380000 5.057551
12.390000 5.062551
12.400000 5.067551
12.410000 5.072551
12.420000 5.077551
12.430000 5.082551
12.440000 5.087551
12.450000 5.092551
12.460000 5.097551
12.470000 5.102551
12.480000 5.107551
12.490000 5.112551
12.500000 5.117551
12.510000 5.122551
12.520000 5.127551
12.530000 5.132551
12.540000 5.137551
12.550000 5.142551
12.560000 5.147551
12.570000 5.152551
12.580000 5.157551
12.590000 5.162551
12.600000 5.167551
12.610000 5.172551
12.620000 5.177551
12.630000 5.182551
12.640000 5.187551
12.650000 5.192551
12.660000 5.197551
12.670000 5.202551
12.680000 5.207551
12.690000 5.212551
12.700000 5.217551
12.710000 5.222551
12.720000 5.227551
12.730000 5.232551
12.740000 5.237551
12.750000 5.242551
12.760000 5.247551
12.770000 5.252551
12.780000 5.257551
12.790000 5.262551
12.800000 5.267551
12.810000 5.272551
12.820000 5.277551
12.830000 5.282551
12.840000 5.287551
12.850000 5.292551
12.860000 5.297551
12.870000 5.302551
12.880000 5.307551
12.890000 5.312551
12.900000 5.317551
12.910000 5.322551
12.920000 5.327551
12.930000 5.332551
12.940000 5.337551
12.950000 5.342551
12.960000 5.347551
12.970000 5.352551
12.980000 5.357551
12.990000 5.362551
13.000000 5.367551
13.010000 5.372551
13.020000 5.377551
13.030000 5.382551
13.040000 5.387551
13.050000 5.392551
13.060000 5.397551
13.070000 5.402551
13.080000 5.407551
13.090000 5.412551
13.100000 5.417551
13.110000 5.422551
13.120000 5.427551
13.130000 5.432551
13.140000 5.437551
13.150000 5.442551
13.160000 5.447551
13.170000 5.452551
13.180000 5.457551
13.190000 5.462551
13.200000 5.467551
13.210000 5.472551
13.220000 5.477551
13.230000 5.482551
13.240000 5.487551
13.250000 5.492551
13.260000 5.497551
13.270000 5.502551
13.280000 5.507551
13.290000 5.512551
13.300000 5.517551
13.310000 5.522551
13.320000 5.527551
13.330000 5.532551
13.340000 5.537551
13.350000 5.542551
13.360000 5.547551
13.370000 5.552551
13.380000 5.557551
13.390000 5.562551
13.400000 5.567551
13.410000 5.572551
13.420000 5.577551
13.430000 5.582551
13.440000 5.587551
13.450000 5.592551
13.460000 5.597551
13.470000 5.602551
13.480000 5.607551
13.490000 5.612551
13.500000 5.617551
13.510000 5.622551
13.520000 5.627551
13.530000 5.632551
13.540000 5.637551
13.550000 5.642551
13.560000 5.647551
13.570000 5.652551
13.580000 5.657551
13.590000 5.662551
13.600000 5.667551
13.610000 5.672551
13.620000 5.677551
13.630000 5.682551
13.640000 5.687551
13.650000 5.692551
13.660000 5.697551
13.670000 5.702551
13.680000 5.707551
13.690000 5.712551
13.700000 5.717551
13.710000 5.722551
13.720000 5.727551
13.730000 5.732551
13.740000 5.737551
13.750000 5.742551
13.760000 5.747551
13.770000 5.752551
13.780000 5.757551
13.790000 5.762551
13.800000 5.767551
13.810000 5.772551
13.820000 5.777551
13.830000 5.782551
13.840000 5.787551
13.850000 5.792551
13.860000 5.797551
13.870000 5.802551
13.880000 5.807551
13.890000 5.812551
13.900000 5.817551
13.910000 5.822551
13.920000 5.827551
13.930000 5.832551
13.940000 5.837551
13.950000 5.842551
13.960000 5.847551
13.970000 5.852551
13.980000 5.857551
13.990000 5.862551
14.000000 5.867551
